-4.203805613199172098e-18
-4.203805613199172098e-18
-4.203805613199172098e-18
-4.203805613199172098e-18
-4.203805613199172098e-18
-4.203805613199172098e-18
-4.203805613199172098e-18
-4.203805613199172098e-18
-4.203805613199172098e-18
-4.203805613199172098e-18
-4.203805613199172098e-18
-4.203805613199172098e-18
-4.203805613199172098e-18
-4.203805613199172098e-18
-4.203805613199172098e-18
-4.203805613199172098e-18
-4.203805613199172098e-18
-4.203805613199172098e-18
-4.203805613199172098e-18
-4.203805613199172098e-18
-4.203805613199172098e-18
-6.353446676775358051e-18
-1.625052411980280091e-17
-8.840096307191208029e-18
