6.587200136301832321e-02
-7.011040596932810454e-02
7.861760192966067706e-02
-7.011040596932752167e-02
6.587200136301805953e-02
-6.352930621400221245e-02
-6.627402554885500341e-02
7.619908969485164607e-02
-9.891527930458779427e-02
7.619908969485111871e-02
-6.627402554885479524e-02
6.469676097851903562e-02
6.587200136301861464e-02
-7.011040596932784086e-02
7.861760192966117666e-02
-7.011040596932749391e-02
6.587200136301812892e-02
-6.352930621400200428e-02
-6.451997202402712239e-02
6.895268971079066000e-02
-7.147813046061887721e-02
6.895268971079053510e-02
-6.451997202402662279e-02
6.375811211508769505e-02
